# Balanced Multi-Objective Port Scheduling Problem Instance with Horsepower Constraints
# Mathematical model with multi-tugboat combinations and horsepower requirements
# Time configuration: T=48, each period = 30 minutes
# Format: parameter_name = value or [array values]

# Basic dimensions
vessel_num = 100
berth_num = 18
tugboat_num = 35
time_periods = 48

# Vessel data (100 vessels) - All times in INTEGER periods
vessel_sizes = [2, 3, 4, 3, 2, 4, 5, 3, 2, 5, 4, 4, 2, 5, 2, 2, 3, 2, 4, 3, 5, 5, 3, 2, 2, 5, 3, 3, 1, 5, 3, 2, 4, 5, 4, 4, 3, 3, 3, 4, 5, 3, 4, 3, 2, 4, 5, 3, 4, 3, 3, 4, 4, 5, 2, 3, 3, 5, 2, 2, 4, 5, 3, 5, 4, 4, 4, 3, 4, 3, 2, 3, 5, 3, 3, 4, 4, 5, 5, 3, 5, 5, 3, 5, 3, 3, 3, 4, 4, 2, 3, 4, 2, 3, 5, 3, 3, 4, 4, 5]
vessel_etas = [12, 8, 12, 11, 7, 3, 4, 31, 9, 24, 18, 31, 27, 10, 3, 11, 10, 26, 4, 10, 13, 15, 15, 24, 14, 10, 5, 5, 5, 16, 11, 30, 15, 5, 4, 10, 22, 6, 15, 15, 2, 3, 15, 19, 9, 5, 4, 29, 1, 12, 15, 11, 3, 29, 19, 14, 27, 19, 16, 20, 13, 19, 23, 1, 6, 20, 8, 11, 6, 20, 2, 3, 3, 12, 32, 15, 13, 16, 27, 22, 16, 8, 10, 12, 22, 32, 30, 16, 15, 13, 6, 2, 32, 13, 7, 24, 27, 29, 4, 11]
vessel_durations = [6, 4, 5, 6, 6, 4, 6, 2, 5, 6, 2, 6, 5, 2, 3, 4, 5, 2, 6, 3, 6, 6, 6, 6, 4, 6, 2, 4, 2, 5, 5, 6, 5, 6, 5, 4, 4, 4, 3, 6, 6, 6, 6, 2, 5, 6, 6, 6, 6, 4, 2, 6, 5, 2, 3, 6, 2, 4, 4, 3, 6, 6, 4, 4, 2, 6, 6, 3, 6, 3, 5, 4, 6, 4, 3, 5, 6, 6, 6, 4, 6, 6, 6, 3, 5, 5, 5, 3, 5, 3, 3, 6, 4, 2, 4, 2, 2, 6, 6, 5]
vessel_inbound_service_times = [3, 3, 4, 4, 4, 4, 4, 4, 4, 4, 4, 4, 2, 4, 2, 3, 3, 3, 4, 4, 4, 4, 4, 4, 3, 4, 4, 4, 3, 4, 3, 3, 4, 4, 4, 4, 4, 4, 2, 4, 4, 4, 4, 3, 4, 4, 4, 2, 4, 3, 2, 4, 4, 4, 2, 4, 3, 4, 2, 2, 4, 4, 2, 4, 4, 4, 4, 4, 4, 3, 4, 4, 4, 2, 4, 4, 4, 4, 4, 4, 4, 4, 3, 4, 4, 4, 3, 4, 4, 2, 3, 4, 3, 3, 4, 2, 3, 4, 4, 4]
vessel_outbound_service_times = [2, 3, 4, 4, 3, 4, 4, 2, 2, 4, 4, 4, 3, 4, 2, 2, 2, 2, 4, 3, 4, 4, 2, 4, 4, 4, 2, 4, 3, 4, 2, 4, 4, 4, 4, 4, 3, 3, 3, 4, 4, 2, 4, 4, 3, 4, 4, 3, 4, 3, 2, 4, 4, 4, 2, 3, 3, 4, 2, 4, 4, 4, 4, 4, 4, 4, 4, 4, 4, 3, 2, 4, 4, 4, 2, 4, 4, 4, 4, 4, 4, 4, 3, 4, 4, 4, 3, 4, 4, 2, 2, 4, 2, 3, 4, 3, 2, 4, 4, 4]
vessel_priority_weights = [2.4, 1.9, 2.2, 2.3, 2.7, 2.2, 2.9, 1.9, 1.9, 2.7, 2.3, 1.8, 2.6, 2.2, 2.5, 1.8, 2.3, 1.7, 2.8, 2.2, 2.8, 2.2, 1.8, 2.0, 2.3, 2.5, 2.3, 2.3, 1.9, 2.5, 2.4, 2.1, 2.0, 2.8, 2.5, 2.4, 2.3, 2.3, 1.7, 2.2, 2.6, 2.9, 2.2, 1.2, 1.9, 2.3, 2.8, 2.7, 2.4, 2.7, 1.5, 2.7, 2.3, 2.5, 1.3, 2.5, 2.6, 2.0, 2.6, 2.7, 2.4, 2.9, 2.9, 1.9, 2.2, 2.9, 2.4, 2.3, 2.5, 3.0, 2.5, 2.4, 2.9, 2.3, 1.9, 2.5, 2.6, 2.4, 2.7, 2.0, 2.9, 2.7, 1.8, 2.0, 2.9, 2.3, 2.7, 2.1, 2.2, 2.6, 2.3, 2.4, 2.2, 2.3, 2.3, 2.4, 1.8, 2.4, 2.7, 1.9]
vessel_waiting_costs = [33.6, 44.4, 55.2, 30.9, 34.4, 69.8, 64.0, 43.4, 17.2, 41.2, 43.5, 58.5, 22.1, 58.2, 25.5, 30.3, 26.7, 28.5, 69.3, 34.8, 55.3, 60.0, 39.3, 22.7, 21.9, 53.4, 29.3, 39.8, 23.9, 61.8, 39.6, 31.7, 44.3, 69.7, 50.1, 57.7, 25.1, 30.5, 34.2, 67.4, 65.0, 34.8, 49.1, 34.9, 19.5, 44.6, 59.2, 27.5, 48.6, 43.1, 25.6, 54.8, 58.0, 54.4, 20.2, 44.5, 32.5, 40.5, 26.6, 24.2, 50.7, 50.8, 44.1, 48.7, 42.3, 58.8, 58.0, 31.5, 65.3, 30.4, 22.3, 32.0, 44.1, 40.6, 43.4, 46.5, 64.9, 56.8, 68.6, 39.3, 64.1, 67.5, 27.6, 50.4, 27.8, 44.8, 44.4, 49.1, 43.6, 28.9, 31.1, 69.4, 30.3, 25.4, 52.9, 25.7, 36.9, 67.3, 49.0, 42.9]
vessel_jit_costs = [11.1, 18.2, 23.7, 14.8, 15.5, 30.2, 28.5, 16.0, 6.8, 17.9, 13.3, 20.1, 8.1, 19.7, 11.6, 10.3, 12.5, 14.0, 26.3, 14.6, 17.2, 22.8, 15.2, 6.9, 7.9, 22.0, 14.0, 15.2, 8.0, 29.6, 15.2, 13.3, 16.0, 28.2, 24.4, 21.6, 10.7, 10.2, 14.1, 22.9, 23.3, 16.2, 20.5, 15.6, 8.9, 16.1, 25.3, 11.9, 16.3, 18.5, 11.6, 27.1, 21.6, 21.1, 8.8, 20.6, 14.5, 14.3, 8.8, 10.6, 15.7, 21.7, 13.7, 20.8, 14.3, 26.6, 19.3, 11.4, 30.0, 13.4, 9.1, 10.5, 15.7, 15.5, 14.4, 18.6, 29.8, 24.9, 32.2, 17.3, 24.6, 21.8, 8.4, 22.1, 10.8, 18.1, 14.8, 22.0, 14.2, 12.6, 10.6, 26.7, 9.8, 10.1, 17.9, 11.1, 14.5, 20.8, 14.8, 13.9]
vessel_horsepower_requirements = [2153, 2593, 3477, 2947, 1400, 3075, 5028, 2500, 1869, 4765, 4361, 4266, 1370, 4997, 2109, 1864, 2133, 1214, 3519, 2911, 4832, 5385, 2840, 1428, 1833, 5751, 2391, 2855, 1102, 4630, 2837, 1438, 3233, 5793, 4218, 4260, 2225, 2064, 2823, 3585, 5640, 2345, 4608, 2411, 1532, 3247, 6196, 2847, 4322, 2354, 2329, 3607, 3093, 5714, 1377, 2343, 2064, 4747, 1628, 1478, 3850, 5086, 2713, 5257, 4546, 3503, 4287, 2473, 4610, 2041, 1469, 2312, 6083, 2627, 2385, 3323, 3183, 5497, 4898, 2006, 4739, 5110, 2948, 4682, 2723, 2933, 2607, 3581, 4237, 2101, 2826, 4371, 2098, 2129, 4922, 2146, 2655, 3731, 4274, 5422]
vessel_early_limits = [5, 3, 3, 6, 2, 6, 3, 5, 6, 2, 4, 4, 5, 2, 6, 3, 3, 2, 2, 6, 4, 3, 5, 3, 4, 2, 3, 2, 3, 5, 5, 3, 3, 2, 2, 4, 4, 3, 5, 4, 4, 5, 2, 2, 2, 6, 3, 3, 2, 5, 6, 2, 2, 3, 5, 4, 5, 3, 4, 3, 2, 4, 3, 2, 3, 5, 3, 5, 3, 2, 5, 6, 5, 2, 5, 3, 3, 6, 5, 3, 5, 4, 3, 5, 3, 4, 4, 3, 4, 3, 2, 6, 2, 4, 3, 2, 5, 5, 5, 3]
vessel_late_limits = [4, 3, 4, 6, 3, 6, 3, 6, 6, 3, 2, 5, 6, 5, 3, 6, 5, 5, 4, 2, 5, 3, 3, 4, 5, 6, 3, 3, 6, 2, 5, 2, 2, 5, 6, 2, 5, 5, 5, 2, 5, 5, 3, 2, 6, 2, 5, 3, 3, 4, 4, 3, 2, 2, 5, 4, 3, 5, 6, 6, 2, 5, 5, 3, 5, 3, 4, 5, 2, 2, 5, 4, 2, 4, 5, 4, 3, 2, 4, 2, 4, 2, 2, 5, 4, 5, 2, 4, 4, 3, 2, 6, 3, 3, 4, 3, 6, 2, 5, 6]

# Berth data (18 berths)
berth_capacities = [5, 5, 5, 5, 4, 4, 4, 4, 4, 4, 4, 4, 3, 3, 3, 2, 2, 2]

# Tugboat data (35 tugboats) - Horsepower-based system
tugboat_horsepower = [2054, 4366, 1926, 4451, 4939, 4188, 2008, 4724, 4324, 4151, 1471, 1954, 1611, 4047, 2481, 1521, 4552, 1709, 2142, 2564, 4546, 1332, 4942, 2589, 2981, 1221, 1134, 2963, 4953, 1985, 1481, 4148, 1614, 1037, 1564]
tugboat_costs = [63.3, 91.1, 64.2, 100.4, 88.4, 98.2, 43.8, 91.4, 129.1, 104.9, 37.9, 58.4, 44.1, 100.1, 63.9, 47.3, 129.0, 53.0, 40.6, 71.2, 102.1, 37.9, 91.0, 62.4, 81.3, 36.6, 34.7, 74.6, 110.0, 48.7, 38.9, 127.9, 57.4, 41.7, 40.6]

# System parameters for multi-tugboat combinations
inbound_preparation_time = 2
outbound_preparation_time = 2
max_tugboats_per_service = 2
time_constraint_tolerance = 3
penalty_parameter = 2682.3026785714283
objective_weights = [0.2125358333238838, 0.18950122143933867, 0.3156108336694584, 0.1203116211751438]

# Mathematical model parameters (horsepower-based)
M = 2682.3026785714283
lambda_1 = 0.2125358333238838
lambda_2 = 0.18950122143933867
lambda_3 = 0.3156108336694584
lambda_4 = 0.1203116211751438
epsilon_time = 3
rho_in = 2
rho_out = 2
H_max = 2
tau_in = [3, 3, 4, 4, 4, 4, 4, 4, 4, 4, 4, 4, 2, 4, 2, 3, 3, 3, 4, 4, 4, 4, 4, 4, 3, 4, 4, 4, 3, 4, 3, 3, 4, 4, 4, 4, 4, 4, 2, 4, 4, 4, 4, 3, 4, 4, 4, 2, 4, 3, 2, 4, 4, 4, 2, 4, 3, 4, 2, 2, 4, 4, 2, 4, 4, 4, 4, 4, 4, 3, 4, 4, 4, 2, 4, 4, 4, 4, 4, 4, 4, 4, 3, 4, 4, 4, 3, 4, 4, 2, 3, 4, 3, 3, 4, 2, 3, 4, 4, 4]
tau_out = [2, 3, 4, 4, 3, 4, 4, 2, 2, 4, 4, 4, 3, 4, 2, 2, 2, 2, 4, 3, 4, 4, 2, 4, 4, 4, 2, 4, 3, 4, 2, 4, 4, 4, 4, 4, 3, 3, 3, 4, 4, 2, 4, 4, 3, 4, 4, 3, 4, 3, 2, 4, 4, 4, 2, 3, 3, 4, 2, 4, 4, 4, 4, 4, 4, 4, 4, 4, 4, 3, 2, 4, 4, 4, 2, 4, 4, 4, 4, 4, 4, 4, 3, 4, 4, 4, 3, 4, 4, 2, 2, 4, 2, 3, 4, 3, 2, 4, 4, 4]
alpha = [2.4, 1.9, 2.2, 2.3, 2.7, 2.2, 2.9, 1.9, 1.9, 2.7, 2.3, 1.8, 2.6, 2.2, 2.5, 1.8, 2.3, 1.7, 2.8, 2.2, 2.8, 2.2, 1.8, 2.0, 2.3, 2.5, 2.3, 2.3, 1.9, 2.5, 2.4, 2.1, 2.0, 2.8, 2.5, 2.4, 2.3, 2.3, 1.7, 2.2, 2.6, 2.9, 2.2, 1.2, 1.9, 2.3, 2.8, 2.7, 2.4, 2.7, 1.5, 2.7, 2.3, 2.5, 1.3, 2.5, 2.6, 2.0, 2.6, 2.7, 2.4, 2.9, 2.9, 1.9, 2.2, 2.9, 2.4, 2.3, 2.5, 3.0, 2.5, 2.4, 2.9, 2.3, 1.9, 2.5, 2.6, 2.4, 2.7, 2.0, 2.9, 2.7, 1.8, 2.0, 2.9, 2.3, 2.7, 2.1, 2.2, 2.6, 2.3, 2.4, 2.2, 2.3, 2.3, 2.4, 1.8, 2.4, 2.7, 1.9]
beta = [33.6, 44.4, 55.2, 30.9, 34.4, 69.8, 64.0, 43.4, 17.2, 41.2, 43.5, 58.5, 22.1, 58.2, 25.5, 30.3, 26.7, 28.5, 69.3, 34.8, 55.3, 60.0, 39.3, 22.7, 21.9, 53.4, 29.3, 39.8, 23.9, 61.8, 39.6, 31.7, 44.3, 69.7, 50.1, 57.7, 25.1, 30.5, 34.2, 67.4, 65.0, 34.8, 49.1, 34.9, 19.5, 44.6, 59.2, 27.5, 48.6, 43.1, 25.6, 54.8, 58.0, 54.4, 20.2, 44.5, 32.5, 40.5, 26.6, 24.2, 50.7, 50.8, 44.1, 48.7, 42.3, 58.8, 58.0, 31.5, 65.3, 30.4, 22.3, 32.0, 44.1, 40.6, 43.4, 46.5, 64.9, 56.8, 68.6, 39.3, 64.1, 67.5, 27.6, 50.4, 27.8, 44.8, 44.4, 49.1, 43.6, 28.9, 31.1, 69.4, 30.3, 25.4, 52.9, 25.7, 36.9, 67.3, 49.0, 42.9]
gamma = [11.1, 18.2, 23.7, 14.8, 15.5, 30.2, 28.5, 16.0, 6.8, 17.9, 13.3, 20.1, 8.1, 19.7, 11.6, 10.3, 12.5, 14.0, 26.3, 14.6, 17.2, 22.8, 15.2, 6.9, 7.9, 22.0, 14.0, 15.2, 8.0, 29.6, 15.2, 13.3, 16.0, 28.2, 24.4, 21.6, 10.7, 10.2, 14.1, 22.9, 23.3, 16.2, 20.5, 15.6, 8.9, 16.1, 25.3, 11.9, 16.3, 18.5, 11.6, 27.1, 21.6, 21.1, 8.8, 20.6, 14.5, 14.3, 8.8, 10.6, 15.7, 21.7, 13.7, 20.8, 14.3, 26.6, 19.3, 11.4, 30.0, 13.4, 9.1, 10.5, 15.7, 15.5, 14.4, 18.6, 29.8, 24.9, 32.2, 17.3, 24.6, 21.8, 8.4, 22.1, 10.8, 18.1, 14.8, 22.0, 14.2, 12.6, 10.6, 26.7, 9.8, 10.1, 17.9, 11.1, 14.5, 20.8, 14.8, 13.9]
P_k = [2054, 4366, 1926, 4451, 4939, 4188, 2008, 4724, 4324, 4151, 1471, 1954, 1611, 4047, 2481, 1521, 4552, 1709, 2142, 2564, 4546, 1332, 4942, 2589, 2981, 1221, 1134, 2963, 4953, 1985, 1481, 4148, 1614, 1037, 1564]
P_req = [2153, 2593, 3477, 2947, 1400, 3075, 5028, 2500, 1869, 4765, 4361, 4266, 1370, 4997, 2109, 1864, 2133, 1214, 3519, 2911, 4832, 5385, 2840, 1428, 1833, 5751, 2391, 2855, 1102, 4630, 2837, 1438, 3233, 5793, 4218, 4260, 2225, 2064, 2823, 3585, 5640, 2345, 4608, 2411, 1532, 3247, 6196, 2847, 4322, 2354, 2329, 3607, 3093, 5714, 1377, 2343, 2064, 4747, 1628, 1478, 3850, 5086, 2713, 5257, 4546, 3503, 4287, 2473, 4610, 2041, 1469, 2312, 6083, 2627, 2385, 3323, 3183, 5497, 4898, 2006, 4739, 5110, 2948, 4682, 2723, 2933, 2607, 3581, 4237, 2101, 2826, 4371, 2098, 2129, 4922, 2146, 2655, 3731, 4274, 5422]
c_k = [63.3, 91.1, 64.2, 100.4, 88.4, 98.2, 43.8, 91.4, 129.1, 104.9, 37.9, 58.4, 44.1, 100.1, 63.9, 47.3, 129.0, 53.0, 40.6, 71.2, 102.1, 37.9, 91.0, 62.4, 81.3, 36.6, 34.7, 74.6, 110.0, 48.7, 38.9, 127.9, 57.4, 41.7, 40.6]
Delta_early = [5, 3, 3, 6, 2, 6, 3, 5, 6, 2, 4, 4, 5, 2, 6, 3, 3, 2, 2, 6, 4, 3, 5, 3, 4, 2, 3, 2, 3, 5, 5, 3, 3, 2, 2, 4, 4, 3, 5, 4, 4, 5, 2, 2, 2, 6, 3, 3, 2, 5, 6, 2, 2, 3, 5, 4, 5, 3, 4, 3, 2, 4, 3, 2, 3, 5, 3, 5, 3, 2, 5, 6, 5, 2, 5, 3, 3, 6, 5, 3, 5, 4, 3, 5, 3, 4, 4, 3, 4, 3, 2, 6, 2, 4, 3, 2, 5, 5, 5, 3]
Delta_late = [4, 3, 4, 6, 3, 6, 3, 6, 6, 3, 2, 5, 6, 5, 3, 6, 5, 5, 4, 2, 5, 3, 3, 4, 5, 6, 3, 3, 6, 2, 5, 2, 2, 5, 6, 2, 5, 5, 5, 2, 5, 5, 3, 2, 6, 2, 5, 3, 3, 4, 4, 3, 2, 2, 5, 4, 3, 5, 6, 6, 2, 5, 5, 3, 5, 3, 4, 5, 2, 2, 5, 4, 2, 4, 5, 4, 3, 2, 4, 2, 4, 2, 2, 5, 4, 5, 2, 4, 4, 3, 2, 6, 3, 3, 4, 3, 6, 2, 5, 6]
