# Balanced Multi-Objective Port Scheduling Problem Instance with Horsepower Constraints
# Mathematical model with multi-tugboat combinations and horsepower requirements
# Time configuration: T=24, each period = 1 hour
# Format: parameter_name = value or [array values]

# Basic dimensions
vessel_num = 100
berth_num = 15
tugboat_num = 30
time_periods = 24

# Vessel data (100 vessels) - All times in INTEGER periods
vessel_sizes = [2, 1, 5, 5, 5, 3, 3, 4, 2, 3, 5, 3, 5, 3, 4, 4, 4, 4, 4, 3, 3, 3, 5, 5, 5, 1, 5, 5, 3, 5, 2, 2, 3, 5, 1, 5, 3, 3, 5, 3, 5, 5, 2, 3, 5, 5, 3, 3, 4, 4, 3, 3, 3, 3, 4, 4, 3, 5, 4, 2, 3, 2, 5, 3, 3, 3, 2, 5, 3, 5, 4, 5, 3, 5, 5, 3, 3, 3, 3, 3, 5, 5, 3, 1, 5, 3, 5, 3, 3, 3, 5, 5, 5, 4, 5, 3, 4, 4, 3, 2]
vessel_etas = [7, 3, 16, 2, 8, 2, 2, 4, 3, 2, 5, 15, 12, 3, 7, 8, 15, 5, 9, 11, 10, 7, 3, 3, 13, 7, 7, 4, 7, 1, 7, 7, 13, 7, 3, 4, 14, 4, 15, 7, 13, 8, 9, 7, 1, 5, 3, 11, 8, 2, 3, 3, 8, 13, 9, 4, 3, 6, 12, 14, 12, 6, 4, 8, 3, 7, 14, 10, 1, 1, 2, 3, 2, 3, 15, 1, 15, 6, 5, 3, 8, 8, 15, 1, 14, 13, 2, 1, 8, 3, 1, 4, 15, 4, 5, 16, 3, 13, 1, 14]
vessel_durations = [3, 2, 3, 3, 2, 2, 3, 2, 1, 2, 2, 3, 3, 3, 3, 2, 3, 2, 3, 2, 3, 1, 3, 3, 3, 2, 3, 3, 3, 3, 1, 2, 1, 3, 2, 1, 3, 1, 2, 2, 2, 1, 3, 2, 1, 3, 2, 3, 1, 1, 3, 1, 2, 1, 1, 1, 1, 3, 1, 1, 1, 1, 3, 1, 3, 1, 2, 2, 3, 3, 3, 3, 2, 3, 1, 3, 2, 2, 1, 3, 3, 1, 2, 2, 3, 3, 3, 2, 3, 1, 2, 1, 3, 2, 3, 1, 3, 3, 1, 2]
vessel_inbound_service_times = [1, 2, 2, 2, 2, 2, 1, 2, 2, 2, 2, 1, 2, 2, 2, 2, 2, 2, 2, 2, 2, 1, 2, 2, 2, 2, 2, 2, 2, 2, 1, 1, 2, 2, 1, 2, 2, 1, 2, 2, 2, 2, 1, 2, 2, 2, 1, 1, 2, 2, 1, 2, 2, 2, 2, 2, 2, 2, 2, 2, 1, 2, 2, 1, 2, 2, 2, 2, 2, 2, 2, 2, 2, 2, 2, 2, 2, 2, 1, 1, 2, 2, 1, 2, 2, 2, 2, 2, 2, 2, 2, 2, 2, 2, 2, 1, 2, 2, 2, 1]
vessel_outbound_service_times = [1, 1, 2, 2, 2, 1, 2, 2, 1, 2, 2, 1, 2, 1, 2, 2, 2, 2, 2, 2, 2, 1, 2, 2, 2, 1, 2, 2, 2, 2, 2, 2, 1, 2, 2, 2, 2, 2, 2, 1, 2, 2, 2, 2, 2, 2, 1, 2, 2, 2, 1, 2, 2, 2, 2, 2, 2, 2, 2, 2, 2, 1, 2, 2, 1, 2, 2, 2, 1, 2, 2, 2, 1, 2, 2, 2, 1, 2, 2, 2, 2, 2, 1, 1, 2, 2, 2, 2, 2, 2, 2, 2, 2, 2, 2, 1, 2, 2, 1, 2]
vessel_priority_weights = [2.7, 1.9, 2.4, 2.5, 2.0, 2.1, 2.6, 1.9, 2.7, 2.4, 2.1, 2.3, 2.6, 2.2, 2.9, 2.5, 2.2, 1.9, 2.6, 2.4, 2.3, 2.0, 2.2, 2.9, 2.9, 1.6, 2.3, 2.7, 2.2, 2.3, 2.2, 2.6, 2.3, 2.3, 1.9, 2.3, 1.8, 2.5, 2.1, 2.2, 1.8, 2.4, 2.7, 1.7, 2.4, 2.3, 1.6, 2.9, 2.4, 2.3, 2.0, 2.3, 2.6, 2.9, 2.3, 2.1, 2.1, 2.9, 1.9, 2.2, 1.9, 2.5, 2.5, 1.3, 2.8, 2.5, 2.2, 2.4, 2.7, 2.6, 2.5, 2.4, 2.9, 2.8, 2.0, 2.3, 2.6, 2.4, 2.4, 2.8, 2.8, 2.4, 1.9, 1.5, 2.9, 2.2, 2.5, 2.6, 3.0, 1.4, 1.9, 1.9, 2.3, 2.1, 1.9, 2.2, 2.9, 2.4, 1.7, 2.5]
vessel_waiting_costs = [33.5, 28.7, 61.9, 62.2, 58.6, 41.6, 31.9, 49.2, 21.6, 29.2, 62.5, 37.5, 60.9, 32.5, 55.8, 41.8, 60.9, 53.9, 42.0, 38.3, 32.2, 30.8, 51.6, 55.3, 67.1, 26.9, 46.0, 56.8, 25.8, 49.1, 29.9, 28.7, 31.0, 69.4, 16.2, 51.6, 44.8, 44.0, 50.3, 27.7, 55.6, 66.2, 23.3, 33.5, 58.2, 44.0, 36.6, 29.0, 60.7, 67.3, 43.2, 38.1, 28.2, 35.7, 45.5, 44.4, 31.4, 68.8, 62.4, 27.7, 28.0, 17.6, 69.6, 37.1, 36.9, 25.5, 30.6, 65.4, 38.0, 51.6, 44.9, 52.3, 43.5, 46.7, 46.1, 28.5, 33.8, 38.8, 42.8, 40.5, 64.7, 51.8, 36.4, 27.8, 41.2, 34.1, 66.3, 35.8, 25.8, 40.3, 45.7, 66.5, 48.6, 48.8, 60.7, 34.3, 42.7, 45.4, 42.9, 22.9]
vessel_jit_costs = [11.6, 9.5, 19.6, 21.7, 19.3, 14.9, 14.7, 19.4, 9.7, 12.0, 25.6, 18.7, 26.4, 15.6, 19.6, 14.2, 21.6, 26.4, 18.1, 18.5, 10.4, 14.7, 25.6, 24.4, 26.6, 8.5, 22.7, 25.1, 12.5, 19.5, 9.1, 10.6, 15.5, 24.6, 5.7, 25.8, 21.9, 15.2, 19.0, 12.4, 24.2, 28.9, 9.7, 12.1, 22.7, 18.9, 16.0, 9.5, 29.1, 26.0, 19.6, 15.7, 8.8, 15.8, 21.3, 13.6, 15.5, 24.8, 29.0, 12.4, 9.5, 5.4, 29.5, 15.7, 12.8, 8.1, 10.0, 25.8, 12.8, 20.4, 15.5, 25.8, 21.3, 20.3, 15.7, 14.0, 14.3, 18.4, 16.5, 17.1, 28.7, 25.3, 14.8, 12.3, 13.3, 16.2, 23.1, 17.8, 9.7, 19.8, 17.7, 30.2, 16.2, 23.6, 29.2, 14.7, 17.1, 18.9, 17.6, 8.4]
vessel_horsepower_requirements = [1622, 864, 6262, 5397, 5989, 2208, 2461, 3184, 1489, 2015, 5510, 2222, 5460, 2430, 3819, 4422, 3948, 3949, 4648, 3091, 2032, 2338, 4664, 5038, 4844, 936, 5568, 4878, 2556, 5735, 1523, 1535, 2917, 5262, 995, 4525, 2124, 2997, 5963, 2254, 5288, 5407, 1598, 2755, 4568, 5152, 2471, 2752, 3511, 4473, 2681, 2434, 2732, 2398, 4834, 3639, 3253, 5419, 3324, 2028, 2745, 1367, 5906, 2533, 2125, 2484, 1861, 5807, 2305, 5151, 3924, 4606, 2884, 6158, 4946, 2996, 2115, 2465, 2912, 2444, 5422, 4530, 2171, 941, 5981, 2334, 5575, 3088, 2248, 2009, 4586, 5690, 6209, 4370, 5909, 2610, 3482, 3760, 2789, 1420]
vessel_early_limits = [1, 1, 2, 1, 3, 3, 2, 3, 1, 1, 2, 1, 1, 1, 2, 1, 2, 3, 2, 2, 3, 1, 1, 2, 2, 3, 1, 2, 1, 2, 3, 2, 2, 2, 1, 3, 1, 2, 2, 2, 2, 3, 3, 1, 1, 1, 2, 2, 2, 3, 2, 2, 1, 2, 3, 1, 1, 2, 3, 1, 2, 3, 1, 3, 2, 1, 3, 3, 2, 1, 2, 2, 2, 2, 1, 1, 1, 1, 1, 1, 1, 1, 1, 2, 1, 1, 1, 3, 2, 3, 2, 3, 2, 1, 2, 1, 1, 1, 1, 3]
vessel_late_limits = [2, 1, 2, 3, 1, 2, 3, 3, 2, 2, 3, 1, 2, 3, 1, 3, 1, 2, 1, 1, 3, 1, 1, 1, 2, 1, 1, 1, 3, 1, 3, 3, 2, 1, 3, 3, 2, 2, 3, 2, 1, 1, 1, 3, 2, 2, 3, 1, 3, 3, 2, 2, 2, 2, 2, 2, 3, 2, 3, 2, 3, 1, 1, 2, 2, 2, 2, 2, 2, 1, 1, 2, 1, 1, 2, 1, 2, 1, 1, 2, 1, 3, 2, 3, 1, 1, 1, 2, 2, 1, 1, 2, 2, 3, 1, 1, 2, 2, 1, 3]

# Berth data (15 berths)
berth_capacities = [5, 5, 5, 4, 4, 4, 4, 4, 4, 3, 3, 3, 2, 2, 2]

# Tugboat data (30 tugboats) - Horsepower-based system
tugboat_horsepower = [2036, 4115, 2390, 4433, 1202, 4318, 951, 2842, 1834, 884, 1409, 2994, 2890, 2557, 1726, 1891, 4195, 1096, 2265, 2052, 4608, 4788, 2116, 892, 4981, 4358, 4822, 2149, 4149, 2189]
tugboat_costs = [41.0, 116.9, 59.3, 104.6, 44.4, 102.8, 27.6, 70.4, 52.6, 34.5, 36.5, 65.2, 62.4, 87.7, 43.8, 41.4, 102.8, 40.7, 56.3, 54.1, 116.2, 102.2, 63.2, 29.4, 93.0, 114.6, 107.7, 59.4, 107.6, 58.3]

# System parameters for multi-tugboat combinations
inbound_preparation_time = 1
outbound_preparation_time = 1
max_tugboats_per_service = 2
time_constraint_tolerance = 2
penalty_parameter = 1958.4125
objective_weights = [0.2399291333663384, 0.2066001302385914, 0.29574211705808706, 0.1149237185015654]

# Mathematical model parameters (horsepower-based)
M = 1958.4125
lambda_1 = 0.2399291333663384
lambda_2 = 0.2066001302385914
lambda_3 = 0.29574211705808706
lambda_4 = 0.1149237185015654
epsilon_time = 2
rho_in = 1
rho_out = 1
H_max = 2
tau_in = [1, 2, 2, 2, 2, 2, 1, 2, 2, 2, 2, 1, 2, 2, 2, 2, 2, 2, 2, 2, 2, 1, 2, 2, 2, 2, 2, 2, 2, 2, 1, 1, 2, 2, 1, 2, 2, 1, 2, 2, 2, 2, 1, 2, 2, 2, 1, 1, 2, 2, 1, 2, 2, 2, 2, 2, 2, 2, 2, 2, 1, 2, 2, 1, 2, 2, 2, 2, 2, 2, 2, 2, 2, 2, 2, 2, 2, 2, 1, 1, 2, 2, 1, 2, 2, 2, 2, 2, 2, 2, 2, 2, 2, 2, 2, 1, 2, 2, 2, 1]
tau_out = [1, 1, 2, 2, 2, 1, 2, 2, 1, 2, 2, 1, 2, 1, 2, 2, 2, 2, 2, 2, 2, 1, 2, 2, 2, 1, 2, 2, 2, 2, 2, 2, 1, 2, 2, 2, 2, 2, 2, 1, 2, 2, 2, 2, 2, 2, 1, 2, 2, 2, 1, 2, 2, 2, 2, 2, 2, 2, 2, 2, 2, 1, 2, 2, 1, 2, 2, 2, 1, 2, 2, 2, 1, 2, 2, 2, 1, 2, 2, 2, 2, 2, 1, 1, 2, 2, 2, 2, 2, 2, 2, 2, 2, 2, 2, 1, 2, 2, 1, 2]
alpha = [2.7, 1.9, 2.4, 2.5, 2.0, 2.1, 2.6, 1.9, 2.7, 2.4, 2.1, 2.3, 2.6, 2.2, 2.9, 2.5, 2.2, 1.9, 2.6, 2.4, 2.3, 2.0, 2.2, 2.9, 2.9, 1.6, 2.3, 2.7, 2.2, 2.3, 2.2, 2.6, 2.3, 2.3, 1.9, 2.3, 1.8, 2.5, 2.1, 2.2, 1.8, 2.4, 2.7, 1.7, 2.4, 2.3, 1.6, 2.9, 2.4, 2.3, 2.0, 2.3, 2.6, 2.9, 2.3, 2.1, 2.1, 2.9, 1.9, 2.2, 1.9, 2.5, 2.5, 1.3, 2.8, 2.5, 2.2, 2.4, 2.7, 2.6, 2.5, 2.4, 2.9, 2.8, 2.0, 2.3, 2.6, 2.4, 2.4, 2.8, 2.8, 2.4, 1.9, 1.5, 2.9, 2.2, 2.5, 2.6, 3.0, 1.4, 1.9, 1.9, 2.3, 2.1, 1.9, 2.2, 2.9, 2.4, 1.7, 2.5]
beta = [33.5, 28.7, 61.9, 62.2, 58.6, 41.6, 31.9, 49.2, 21.6, 29.2, 62.5, 37.5, 60.9, 32.5, 55.8, 41.8, 60.9, 53.9, 42.0, 38.3, 32.2, 30.8, 51.6, 55.3, 67.1, 26.9, 46.0, 56.8, 25.8, 49.1, 29.9, 28.7, 31.0, 69.4, 16.2, 51.6, 44.8, 44.0, 50.3, 27.7, 55.6, 66.2, 23.3, 33.5, 58.2, 44.0, 36.6, 29.0, 60.7, 67.3, 43.2, 38.1, 28.2, 35.7, 45.5, 44.4, 31.4, 68.8, 62.4, 27.7, 28.0, 17.6, 69.6, 37.1, 36.9, 25.5, 30.6, 65.4, 38.0, 51.6, 44.9, 52.3, 43.5, 46.7, 46.1, 28.5, 33.8, 38.8, 42.8, 40.5, 64.7, 51.8, 36.4, 27.8, 41.2, 34.1, 66.3, 35.8, 25.8, 40.3, 45.7, 66.5, 48.6, 48.8, 60.7, 34.3, 42.7, 45.4, 42.9, 22.9]
gamma = [11.6, 9.5, 19.6, 21.7, 19.3, 14.9, 14.7, 19.4, 9.7, 12.0, 25.6, 18.7, 26.4, 15.6, 19.6, 14.2, 21.6, 26.4, 18.1, 18.5, 10.4, 14.7, 25.6, 24.4, 26.6, 8.5, 22.7, 25.1, 12.5, 19.5, 9.1, 10.6, 15.5, 24.6, 5.7, 25.8, 21.9, 15.2, 19.0, 12.4, 24.2, 28.9, 9.7, 12.1, 22.7, 18.9, 16.0, 9.5, 29.1, 26.0, 19.6, 15.7, 8.8, 15.8, 21.3, 13.6, 15.5, 24.8, 29.0, 12.4, 9.5, 5.4, 29.5, 15.7, 12.8, 8.1, 10.0, 25.8, 12.8, 20.4, 15.5, 25.8, 21.3, 20.3, 15.7, 14.0, 14.3, 18.4, 16.5, 17.1, 28.7, 25.3, 14.8, 12.3, 13.3, 16.2, 23.1, 17.8, 9.7, 19.8, 17.7, 30.2, 16.2, 23.6, 29.2, 14.7, 17.1, 18.9, 17.6, 8.4]
P_k = [2036, 4115, 2390, 4433, 1202, 4318, 951, 2842, 1834, 884, 1409, 2994, 2890, 2557, 1726, 1891, 4195, 1096, 2265, 2052, 4608, 4788, 2116, 892, 4981, 4358, 4822, 2149, 4149, 2189]
P_req = [1622, 864, 6262, 5397, 5989, 2208, 2461, 3184, 1489, 2015, 5510, 2222, 5460, 2430, 3819, 4422, 3948, 3949, 4648, 3091, 2032, 2338, 4664, 5038, 4844, 936, 5568, 4878, 2556, 5735, 1523, 1535, 2917, 5262, 995, 4525, 2124, 2997, 5963, 2254, 5288, 5407, 1598, 2755, 4568, 5152, 2471, 2752, 3511, 4473, 2681, 2434, 2732, 2398, 4834, 3639, 3253, 5419, 3324, 2028, 2745, 1367, 5906, 2533, 2125, 2484, 1861, 5807, 2305, 5151, 3924, 4606, 2884, 6158, 4946, 2996, 2115, 2465, 2912, 2444, 5422, 4530, 2171, 941, 5981, 2334, 5575, 3088, 2248, 2009, 4586, 5690, 6209, 4370, 5909, 2610, 3482, 3760, 2789, 1420]
c_k = [41.0, 116.9, 59.3, 104.6, 44.4, 102.8, 27.6, 70.4, 52.6, 34.5, 36.5, 65.2, 62.4, 87.7, 43.8, 41.4, 102.8, 40.7, 56.3, 54.1, 116.2, 102.2, 63.2, 29.4, 93.0, 114.6, 107.7, 59.4, 107.6, 58.3]
Delta_early = [1, 1, 2, 1, 3, 3, 2, 3, 1, 1, 2, 1, 1, 1, 2, 1, 2, 3, 2, 2, 3, 1, 1, 2, 2, 3, 1, 2, 1, 2, 3, 2, 2, 2, 1, 3, 1, 2, 2, 2, 2, 3, 3, 1, 1, 1, 2, 2, 2, 3, 2, 2, 1, 2, 3, 1, 1, 2, 3, 1, 2, 3, 1, 3, 2, 1, 3, 3, 2, 1, 2, 2, 2, 2, 1, 1, 1, 1, 1, 1, 1, 1, 1, 2, 1, 1, 1, 3, 2, 3, 2, 3, 2, 1, 2, 1, 1, 1, 1, 3]
Delta_late = [2, 1, 2, 3, 1, 2, 3, 3, 2, 2, 3, 1, 2, 3, 1, 3, 1, 2, 1, 1, 3, 1, 1, 1, 2, 1, 1, 1, 3, 1, 3, 3, 2, 1, 3, 3, 2, 2, 3, 2, 1, 1, 1, 3, 2, 2, 3, 1, 3, 3, 2, 2, 2, 2, 2, 2, 3, 2, 3, 2, 3, 1, 1, 2, 2, 2, 2, 2, 2, 1, 1, 2, 1, 1, 2, 1, 2, 1, 1, 2, 1, 3, 2, 3, 1, 1, 1, 2, 2, 1, 1, 2, 2, 3, 1, 1, 2, 2, 1, 3]
