# Balanced Multi-Objective Port Scheduling Problem Instance with Horsepower Constraints
# Mathematical model with multi-tugboat combinations and horsepower requirements
# Time configuration: T=24, each period = 1 hour
# Format: parameter_name = value or [array values]

# Basic dimensions
vessel_num = 30
berth_num = 8
tugboat_num = 12
time_periods = 24

# Vessel data (30 vessels) - All times in INTEGER periods
vessel_sizes = [2, 3, 3, 3, 3, 3, 2, 5, 3, 5, 5, 4, 2, 3, 4, 3, 4, 3, 5, 2, 4, 4, 3, 4, 3, 3, 4, 5, 4, 4]
vessel_etas = [16, 10, 14, 2, 2, 5, 6, 3, 2, 2, 15, 15, 9, 8, 6, 3, 3, 10, 7, 5, 3, 7, 2, 2, 10, 5, 6, 4, 1, 14]
vessel_durations = [2, 1, 2, 1, 2, 1, 1, 3, 1, 2, 3, 3, 2, 2, 2, 2, 3, 3, 3, 1, 2, 2, 3, 3, 2, 2, 3, 2, 2, 2]
vessel_inbound_service_times = [2, 1, 2, 2, 2, 2, 2, 2, 1, 2, 2, 2, 1, 2, 2, 1, 2, 2, 2, 2, 2, 2, 1, 2, 2, 1, 2, 2, 2, 2]
vessel_outbound_service_times = [1, 2, 1, 1, 1, 2, 1, 2, 2, 2, 2, 2, 1, 1, 2, 1, 2, 2, 2, 2, 2, 2, 2, 2, 2, 1, 2, 2, 2, 2]
vessel_priority_weights = [2.5, 2.0, 1.8, 1.5, 2.7, 2.3, 1.7, 2.3, 2.5, 2.4, 2.8, 2.2, 2.2, 1.3, 2.4, 2.7, 2.3, 2.0, 2.5, 2.7, 2.5, 2.4, 3.0, 2.6, 2.4, 2.4, 2.6, 2.3, 2.7, 2.0]
vessel_waiting_costs = [30.2, 30.5, 28.4, 39.9, 36.0, 27.3, 31.5, 64.7, 39.4, 69.7, 64.9, 48.9, 24.0, 41.3, 69.8, 29.7, 57.6, 39.2, 45.0, 19.1, 41.8, 48.4, 31.5, 48.7, 42.2, 38.6, 68.9, 67.6, 66.0, 66.0]
vessel_jit_costs = [10.8, 12.4, 11.1, 18.1, 11.6, 12.4, 11.8, 19.9, 16.1, 22.3, 29.2, 24.4, 8.9, 16.0, 31.8, 13.7, 21.3, 16.7, 14.8, 6.5, 15.5, 19.7, 13.9, 17.2, 21.0, 12.3, 31.5, 33.7, 21.5, 23.1]
vessel_horsepower_requirements = [2141, 2145, 2356, 2319, 2351, 2466, 1411, 5845, 2494, 5213, 5748, 3518, 1812, 2739, 4426, 2463, 3835, 2274, 5114, 1369, 4900, 3235, 2023, 3887, 2663, 2111, 4605, 4836, 3848, 4056]
vessel_early_limits = [1, 3, 1, 2, 2, 2, 1, 2, 1, 1, 2, 2, 1, 3, 3, 1, 2, 3, 2, 2, 1, 3, 1, 1, 2, 1, 1, 3, 1, 2]
vessel_late_limits = [2, 1, 2, 1, 2, 3, 2, 2, 2, 3, 2, 3, 1, 2, 2, 2, 1, 3, 3, 2, 3, 3, 1, 1, 2, 1, 1, 2, 1, 1]

# Berth data (8 berths)
berth_capacities = [5, 5, 4, 4, 4, 3, 3, 2]

# Tugboat data (12 tugboats) - Horsepower-based system
tugboat_horsepower = [4264, 4500, 1434, 2998, 1795, 2210, 1122, 1167, 2453, 2892, 4578, 2068]
tugboat_costs = [107.7, 96.7, 26.1, 79.1, 43.5, 63.0, 41.8, 44.0, 65.0, 72.7, 91.2, 44.2]

# System parameters for multi-tugboat combinations
inbound_preparation_time = 1
outbound_preparation_time = 1
max_tugboats_per_service = 2
time_constraint_tolerance = 2
penalty_parameter = 1907.4166666666667
objective_weights = [0.2401927926849281, 0.2059037078749734, 0.29100433518435065, 0.11871226923785257]

# Mathematical model parameters (horsepower-based)
M = 1907.4166666666667
lambda_1 = 0.2401927926849281
lambda_2 = 0.2059037078749734
lambda_3 = 0.29100433518435065
lambda_4 = 0.11871226923785257
epsilon_time = 2
rho_in = 1
rho_out = 1
H_max = 2
tau_in = [2, 1, 2, 2, 2, 2, 2, 2, 1, 2, 2, 2, 1, 2, 2, 1, 2, 2, 2, 2, 2, 2, 1, 2, 2, 1, 2, 2, 2, 2]
tau_out = [1, 2, 1, 1, 1, 2, 1, 2, 2, 2, 2, 2, 1, 1, 2, 1, 2, 2, 2, 2, 2, 2, 2, 2, 2, 1, 2, 2, 2, 2]
alpha = [2.5, 2.0, 1.8, 1.5, 2.7, 2.3, 1.7, 2.3, 2.5, 2.4, 2.8, 2.2, 2.2, 1.3, 2.4, 2.7, 2.3, 2.0, 2.5, 2.7, 2.5, 2.4, 3.0, 2.6, 2.4, 2.4, 2.6, 2.3, 2.7, 2.0]
beta = [30.2, 30.5, 28.4, 39.9, 36.0, 27.3, 31.5, 64.7, 39.4, 69.7, 64.9, 48.9, 24.0, 41.3, 69.8, 29.7, 57.6, 39.2, 45.0, 19.1, 41.8, 48.4, 31.5, 48.7, 42.2, 38.6, 68.9, 67.6, 66.0, 66.0]
gamma = [10.8, 12.4, 11.1, 18.1, 11.6, 12.4, 11.8, 19.9, 16.1, 22.3, 29.2, 24.4, 8.9, 16.0, 31.8, 13.7, 21.3, 16.7, 14.8, 6.5, 15.5, 19.7, 13.9, 17.2, 21.0, 12.3, 31.5, 33.7, 21.5, 23.1]
P_k = [4264, 4500, 1434, 2998, 1795, 2210, 1122, 1167, 2453, 2892, 4578, 2068]
P_req = [2141, 2145, 2356, 2319, 2351, 2466, 1411, 5845, 2494, 5213, 5748, 3518, 1812, 2739, 4426, 2463, 3835, 2274, 5114, 1369, 4900, 3235, 2023, 3887, 2663, 2111, 4605, 4836, 3848, 4056]
c_k = [107.7, 96.7, 26.1, 79.1, 43.5, 63.0, 41.8, 44.0, 65.0, 72.7, 91.2, 44.2]
Delta_early = [1, 3, 1, 2, 2, 2, 1, 2, 1, 1, 2, 2, 1, 3, 3, 1, 2, 3, 2, 2, 1, 3, 1, 1, 2, 1, 1, 3, 1, 2]
Delta_late = [2, 1, 2, 1, 2, 3, 2, 2, 2, 3, 2, 3, 1, 2, 2, 2, 1, 3, 3, 2, 3, 3, 1, 1, 2, 1, 1, 2, 1, 1]
