# Balanced Multi-Objective Port Scheduling Problem Instance with Horsepower Constraints
# Mathematical model with multi-tugboat combinations and horsepower requirements
# Time configuration: T=48, each period = 30 minutes
# Format: parameter_name = value or [array values]

# Basic dimensions
vessel_num = 50
berth_num = 12
tugboat_num = 20
time_periods = 48

# Vessel data (50 vessels) - All times in INTEGER periods
vessel_sizes = [2, 5, 4, 2, 2, 2, 4, 3, 4, 4, 4, 4, 1, 3, 4, 3, 5, 3, 3, 2, 3, 3, 4, 3, 3, 5, 4, 3, 2, 2, 4, 5, 1, 4, 4, 4, 2, 3, 5, 4, 5, 5, 5, 4, 5, 3, 4, 2, 4, 4]
vessel_etas = [10, 11, 25, 8, 9, 19, 22, 12, 9, 4, 16, 5, 24, 30, 2, 5, 12, 4, 26, 14, 7, 24, 22, 11, 16, 13, 20, 2, 13, 1, 10, 11, 9, 27, 16, 9, 22, 10, 32, 28, 21, 10, 11, 3, 7, 13, 26, 8, 10, 1]
vessel_durations = [3, 6, 5, 5, 5, 5, 6, 5, 2, 6, 6, 4, 2, 4, 6, 2, 6, 3, 3, 4, 4, 3, 6, 5, 6, 6, 4, 3, 2, 2, 4, 4, 5, 6, 6, 6, 3, 4, 6, 4, 6, 3, 6, 6, 6, 3, 3, 3, 2, 6]
vessel_inbound_service_times = [4, 4, 4, 3, 4, 4, 4, 3, 4, 4, 4, 4, 4, 2, 4, 4, 4, 3, 3, 3, 2, 4, 4, 3, 4, 4, 4, 4, 4, 4, 4, 4, 3, 4, 4, 4, 3, 2, 4, 4, 4, 4, 4, 4, 4, 3, 4, 3, 4, 4]
vessel_outbound_service_times = [2, 4, 4, 2, 4, 3, 4, 2, 4, 4, 4, 4, 4, 4, 4, 2, 4, 4, 2, 4, 4, 2, 4, 4, 2, 4, 4, 3, 3, 2, 4, 4, 2, 4, 4, 4, 3, 4, 4, 4, 4, 4, 4, 4, 4, 3, 4, 4, 4, 4]
vessel_priority_weights = [2.7, 2.1, 2.0, 1.9, 2.6, 2.1, 2.9, 1.9, 2.4, 2.9, 2.3, 2.4, 1.5, 2.6, 2.9, 2.9, 2.7, 2.3, 2.0, 2.0, 1.6, 2.8, 2.2, 1.9, 2.3, 1.9, 2.7, 2.3, 2.7, 2.7, 2.3, 2.2, 1.7, 2.7, 2.7, 2.5, 2.1, 1.4, 2.6, 2.0, 2.5, 2.1, 2.7, 2.5, 2.8, 1.5, 2.4, 2.4, 2.4, 2.2]
vessel_waiting_costs = [28.3, 62.4, 48.6, 31.2, 15.5, 28.4, 62.5, 30.7, 65.2, 48.9, 41.0, 43.1, 29.8, 39.8, 47.1, 41.0, 59.9, 32.8, 44.5, 26.0, 30.0, 40.6, 64.9, 39.1, 40.1, 58.1, 68.9, 28.5, 18.7, 25.3, 52.9, 43.9, 20.1, 61.3, 44.6, 41.5, 27.3, 34.8, 50.7, 49.5, 45.5, 55.2, 56.1, 46.6, 50.0, 29.4, 55.9, 31.5, 40.3, 53.4]
vessel_jit_costs = [10.9, 29.2, 22.8, 12.6, 5.1, 9.7, 20.8, 10.7, 28.6, 22.0, 19.0, 20.4, 14.1, 16.4, 21.5, 14.7, 29.1, 16.1, 16.1, 7.9, 12.7, 19.2, 31.3, 16.8, 16.4, 26.4, 24.7, 12.4, 6.3, 9.5, 21.8, 18.3, 7.4, 20.3, 16.3, 20.2, 11.8, 14.4, 23.2, 17.0, 14.3, 21.2, 17.9, 16.0, 18.6, 13.2, 27.9, 15.6, 17.5, 25.7]
vessel_horsepower_requirements = [1739, 5201, 3374, 1316, 1771, 1769, 4130, 2278, 3789, 4632, 4177, 3863, 1132, 3197, 3508, 2115, 5009, 2712, 2743, 1386, 2965, 2864, 3492, 2106, 2426, 5709, 4386, 2821, 1960, 2083, 3897, 4871, 1112, 4154, 3920, 4464, 1351, 2883, 6196, 4489, 5005, 5489, 5773, 3392, 5609, 2451, 3094, 1390, 3888, 4341]
vessel_early_limits = [4, 2, 6, 6, 6, 3, 4, 6, 6, 2, 5, 3, 5, 4, 5, 3, 2, 2, 3, 6, 5, 5, 3, 2, 5, 4, 3, 4, 4, 2, 6, 3, 6, 5, 5, 3, 2, 5, 5, 6, 5, 2, 5, 5, 4, 2, 5, 2, 2, 5]
vessel_late_limits = [5, 2, 6, 6, 2, 2, 4, 6, 6, 3, 5, 4, 4, 2, 3, 5, 4, 5, 4, 5, 2, 2, 3, 2, 4, 4, 4, 4, 2, 2, 3, 5, 3, 5, 2, 4, 6, 3, 3, 2, 5, 3, 5, 3, 4, 2, 5, 2, 6, 2]

# Berth data (12 berths)
berth_capacities = [5, 5, 5, 4, 4, 4, 4, 3, 3, 3, 2, 2]

# Tugboat data (20 tugboats) - Horsepower-based system
tugboat_horsepower = [2402, 2403, 4706, 4422, 4596, 2280, 1416, 2681, 2637, 2943, 2549, 2173, 936, 2123, 2504, 2994, 1631, 1101, 2677, 1907]
tugboat_costs = [49.6, 48.0, 118.2, 98.3, 112.8, 46.2, 39.0, 80.8, 88.9, 85.2, 76.6, 55.0, 27.8, 62.9, 75.9, 87.7, 42.6, 34.1, 81.9, 64.1]

# System parameters for multi-tugboat combinations
inbound_preparation_time = 2
outbound_preparation_time = 2
max_tugboats_per_service = 2
time_constraint_tolerance = 3
penalty_parameter = 2607.845
objective_weights = [0.21417714283930456, 0.18975384393584319, 0.31268306501660137, 0.12167771805278256]

# Mathematical model parameters (horsepower-based)
M = 2607.845
lambda_1 = 0.21417714283930456
lambda_2 = 0.18975384393584319
lambda_3 = 0.31268306501660137
lambda_4 = 0.12167771805278256
epsilon_time = 3
rho_in = 2
rho_out = 2
H_max = 2
tau_in = [4, 4, 4, 3, 4, 4, 4, 3, 4, 4, 4, 4, 4, 2, 4, 4, 4, 3, 3, 3, 2, 4, 4, 3, 4, 4, 4, 4, 4, 4, 4, 4, 3, 4, 4, 4, 3, 2, 4, 4, 4, 4, 4, 4, 4, 3, 4, 3, 4, 4]
tau_out = [2, 4, 4, 2, 4, 3, 4, 2, 4, 4, 4, 4, 4, 4, 4, 2, 4, 4, 2, 4, 4, 2, 4, 4, 2, 4, 4, 3, 3, 2, 4, 4, 2, 4, 4, 4, 3, 4, 4, 4, 4, 4, 4, 4, 4, 3, 4, 4, 4, 4]
alpha = [2.7, 2.1, 2.0, 1.9, 2.6, 2.1, 2.9, 1.9, 2.4, 2.9, 2.3, 2.4, 1.5, 2.6, 2.9, 2.9, 2.7, 2.3, 2.0, 2.0, 1.6, 2.8, 2.2, 1.9, 2.3, 1.9, 2.7, 2.3, 2.7, 2.7, 2.3, 2.2, 1.7, 2.7, 2.7, 2.5, 2.1, 1.4, 2.6, 2.0, 2.5, 2.1, 2.7, 2.5, 2.8, 1.5, 2.4, 2.4, 2.4, 2.2]
beta = [28.3, 62.4, 48.6, 31.2, 15.5, 28.4, 62.5, 30.7, 65.2, 48.9, 41.0, 43.1, 29.8, 39.8, 47.1, 41.0, 59.9, 32.8, 44.5, 26.0, 30.0, 40.6, 64.9, 39.1, 40.1, 58.1, 68.9, 28.5, 18.7, 25.3, 52.9, 43.9, 20.1, 61.3, 44.6, 41.5, 27.3, 34.8, 50.7, 49.5, 45.5, 55.2, 56.1, 46.6, 50.0, 29.4, 55.9, 31.5, 40.3, 53.4]
gamma = [10.9, 29.2, 22.8, 12.6, 5.1, 9.7, 20.8, 10.7, 28.6, 22.0, 19.0, 20.4, 14.1, 16.4, 21.5, 14.7, 29.1, 16.1, 16.1, 7.9, 12.7, 19.2, 31.3, 16.8, 16.4, 26.4, 24.7, 12.4, 6.3, 9.5, 21.8, 18.3, 7.4, 20.3, 16.3, 20.2, 11.8, 14.4, 23.2, 17.0, 14.3, 21.2, 17.9, 16.0, 18.6, 13.2, 27.9, 15.6, 17.5, 25.7]
P_k = [2402, 2403, 4706, 4422, 4596, 2280, 1416, 2681, 2637, 2943, 2549, 2173, 936, 2123, 2504, 2994, 1631, 1101, 2677, 1907]
P_req = [1739, 5201, 3374, 1316, 1771, 1769, 4130, 2278, 3789, 4632, 4177, 3863, 1132, 3197, 3508, 2115, 5009, 2712, 2743, 1386, 2965, 2864, 3492, 2106, 2426, 5709, 4386, 2821, 1960, 2083, 3897, 4871, 1112, 4154, 3920, 4464, 1351, 2883, 6196, 4489, 5005, 5489, 5773, 3392, 5609, 2451, 3094, 1390, 3888, 4341]
c_k = [49.6, 48.0, 118.2, 98.3, 112.8, 46.2, 39.0, 80.8, 88.9, 85.2, 76.6, 55.0, 27.8, 62.9, 75.9, 87.7, 42.6, 34.1, 81.9, 64.1]
Delta_early = [4, 2, 6, 6, 6, 3, 4, 6, 6, 2, 5, 3, 5, 4, 5, 3, 2, 2, 3, 6, 5, 5, 3, 2, 5, 4, 3, 4, 4, 2, 6, 3, 6, 5, 5, 3, 2, 5, 5, 6, 5, 2, 5, 5, 4, 2, 5, 2, 2, 5]
Delta_late = [5, 2, 6, 6, 2, 2, 4, 6, 6, 3, 5, 4, 4, 2, 3, 5, 4, 5, 4, 5, 2, 2, 3, 2, 4, 4, 4, 4, 2, 2, 3, 5, 3, 5, 2, 4, 6, 3, 3, 2, 5, 3, 5, 3, 4, 2, 5, 2, 6, 2]
