# Balanced Multi-Objective Port Scheduling Problem Instance with Horsepower Constraints
# Mathematical model with multi-tugboat combinations and horsepower requirements
# Time configuration: T=24, each period = 1 hour
# Format: parameter_name = value or [array values]

# Basic dimensions
vessel_num = 50
berth_num = 10
tugboat_num = 18
time_periods = 24

# Vessel data (50 vessels) - All times in INTEGER periods
vessel_sizes = [5, 3, 4, 5, 4, 3, 3, 5, 1, 4, 4, 2, 4, 4, 4, 3, 5, 1, 3, 4, 2, 3, 3, 5, 3, 4, 5, 4, 2, 3, 2, 4, 4, 2, 3, 2, 4, 5, 5, 4, 2, 5, 2, 4, 4, 4, 2, 3, 5, 2]
vessel_etas = [4, 13, 5, 10, 7, 1, 1, 3, 9, 1, 7, 1, 2, 8, 10, 6, 2, 2, 4, 3, 7, 7, 10, 10, 12, 7, 15, 1, 4, 7, 15, 12, 3, 2, 5, 5, 2, 6, 15, 2, 5, 8, 6, 12, 13, 1, 8, 11, 14, 7]
vessel_durations = [3, 1, 3, 3, 2, 2, 2, 1, 1, 1, 3, 3, 3, 3, 2, 1, 3, 1, 2, 3, 2, 2, 1, 3, 1, 3, 3, 1, 1, 1, 1, 3, 1, 2, 2, 2, 3, 1, 3, 3, 1, 3, 1, 2, 3, 3, 2, 2, 3, 1]
vessel_inbound_service_times = [2, 1, 2, 2, 2, 1, 2, 2, 2, 2, 2, 2, 2, 2, 2, 2, 2, 1, 1, 2, 1, 1, 1, 2, 2, 2, 2, 2, 1, 2, 1, 2, 2, 1, 1, 2, 2, 2, 2, 2, 2, 2, 2, 2, 2, 2, 1, 1, 2, 1]
vessel_outbound_service_times = [2, 2, 2, 2, 2, 1, 2, 2, 2, 2, 2, 2, 2, 2, 2, 2, 2, 1, 2, 2, 1, 1, 2, 2, 1, 2, 2, 2, 1, 2, 2, 2, 2, 2, 1, 1, 2, 2, 2, 2, 1, 2, 2, 2, 2, 2, 1, 1, 2, 1]
vessel_priority_weights = [2.5, 2.5, 2.4, 2.8, 2.0, 2.8, 2.8, 1.9, 1.3, 2.0, 1.9, 2.6, 2.4, 2.6, 2.4, 2.1, 2.5, 1.5, 2.5, 1.9, 2.4, 2.5, 2.9, 2.3, 1.9, 2.0, 2.0, 1.8, 1.8, 2.7, 1.3, 2.6, 2.3, 2.2, 2.5, 1.3, 2.7, 2.3, 2.4, 2.5, 2.1, 2.5, 2.3, 2.1, 2.7, 2.6, 2.8, 2.0, 2.4, 1.9]
vessel_waiting_costs = [46.8, 41.0, 40.6, 43.1, 66.6, 26.5, 44.6, 69.6, 29.1, 59.6, 53.0, 21.6, 52.3, 67.8, 59.8, 26.9, 56.5, 16.1, 26.8, 58.8, 16.9, 37.8, 34.5, 63.5, 42.9, 59.3, 51.1, 45.6, 23.8, 41.7, 18.0, 42.9, 64.2, 30.1, 26.2, 25.5, 60.6, 57.2, 49.0, 65.6, 26.4, 57.1, 17.9, 53.5, 45.0, 45.8, 16.6, 29.0, 44.4, 21.4]
vessel_jit_costs = [18.3, 12.6, 14.3, 15.9, 22.1, 12.9, 16.4, 33.3, 11.2, 25.1, 16.5, 10.7, 21.5, 27.7, 21.5, 10.2, 22.5, 4.8, 12.5, 23.3, 5.8, 18.7, 11.1, 25.0, 15.1, 22.4, 19.2, 14.1, 8.4, 17.2, 7.9, 18.6, 24.6, 10.4, 9.9, 12.6, 29.5, 19.9, 18.6, 20.1, 10.6, 28.4, 8.8, 26.2, 15.4, 14.1, 7.2, 13.5, 18.6, 9.5]
vessel_horsepower_requirements = [6113, 2699, 3426, 4922, 3679, 2125, 2043, 5444, 825, 3344, 4175, 1807, 4483, 4188, 4016, 2030, 5547, 1149, 2436, 3353, 1718, 2440, 2930, 5127, 2281, 3573, 5413, 3304, 1235, 2628, 1834, 4476, 3853, 2048, 2302, 1710, 4035, 5627, 5481, 3280, 1417, 5325, 1751, 3609, 4050, 3578, 2043, 3195, 5854, 1455]
vessel_early_limits = [1, 2, 2, 2, 3, 2, 2, 3, 3, 2, 2, 2, 1, 1, 2, 3, 1, 1, 2, 1, 2, 3, 2, 1, 1, 1, 1, 3, 1, 2, 3, 1, 1, 3, 2, 2, 1, 1, 1, 2, 3, 2, 3, 1, 2, 1, 3, 1, 2, 3]
vessel_late_limits = [2, 1, 2, 1, 1, 1, 1, 3, 1, 1, 3, 2, 1, 2, 3, 1, 1, 2, 1, 2, 1, 1, 1, 1, 1, 3, 2, 1, 2, 2, 3, 1, 2, 2, 2, 1, 1, 3, 2, 2, 3, 2, 1, 3, 2, 1, 3, 3, 1, 2]

# Berth data (10 berths)
berth_capacities = [5, 5, 4, 4, 4, 4, 3, 3, 2, 2]

# Tugboat data (18 tugboats) - Horsepower-based system
tugboat_horsepower = [2459, 1071, 1486, 2900, 4103, 4807, 1827, 2154, 2825, 2533, 890, 4128, 1143, 2801, 1743, 2490, 1839, 4666]
tugboat_costs = [52.4, 29.2, 37.8, 85.5, 123.2, 124.6, 44.2, 54.1, 87.6, 65.5, 41.4, 109.4, 33.9, 63.8, 48.7, 55.3, 58.6, 120.3]

# System parameters for multi-tugboat combinations
inbound_preparation_time = 1
outbound_preparation_time = 1
max_tugboats_per_service = 2
time_constraint_tolerance = 2
penalty_parameter = 1890.1716666666666
objective_weights = [0.2438147934973983, 0.20738944009779295, 0.2941676056297676, 0.11404466422989284]

# Mathematical model parameters (horsepower-based)
M = 1890.1716666666666
lambda_1 = 0.2438147934973983
lambda_2 = 0.20738944009779295
lambda_3 = 0.2941676056297676
lambda_4 = 0.11404466422989284
epsilon_time = 2
rho_in = 1
rho_out = 1
H_max = 2
tau_in = [2, 1, 2, 2, 2, 1, 2, 2, 2, 2, 2, 2, 2, 2, 2, 2, 2, 1, 1, 2, 1, 1, 1, 2, 2, 2, 2, 2, 1, 2, 1, 2, 2, 1, 1, 2, 2, 2, 2, 2, 2, 2, 2, 2, 2, 2, 1, 1, 2, 1]
tau_out = [2, 2, 2, 2, 2, 1, 2, 2, 2, 2, 2, 2, 2, 2, 2, 2, 2, 1, 2, 2, 1, 1, 2, 2, 1, 2, 2, 2, 1, 2, 2, 2, 2, 2, 1, 1, 2, 2, 2, 2, 1, 2, 2, 2, 2, 2, 1, 1, 2, 1]
alpha = [2.5, 2.5, 2.4, 2.8, 2.0, 2.8, 2.8, 1.9, 1.3, 2.0, 1.9, 2.6, 2.4, 2.6, 2.4, 2.1, 2.5, 1.5, 2.5, 1.9, 2.4, 2.5, 2.9, 2.3, 1.9, 2.0, 2.0, 1.8, 1.8, 2.7, 1.3, 2.6, 2.3, 2.2, 2.5, 1.3, 2.7, 2.3, 2.4, 2.5, 2.1, 2.5, 2.3, 2.1, 2.7, 2.6, 2.8, 2.0, 2.4, 1.9]
beta = [46.8, 41.0, 40.6, 43.1, 66.6, 26.5, 44.6, 69.6, 29.1, 59.6, 53.0, 21.6, 52.3, 67.8, 59.8, 26.9, 56.5, 16.1, 26.8, 58.8, 16.9, 37.8, 34.5, 63.5, 42.9, 59.3, 51.1, 45.6, 23.8, 41.7, 18.0, 42.9, 64.2, 30.1, 26.2, 25.5, 60.6, 57.2, 49.0, 65.6, 26.4, 57.1, 17.9, 53.5, 45.0, 45.8, 16.6, 29.0, 44.4, 21.4]
gamma = [18.3, 12.6, 14.3, 15.9, 22.1, 12.9, 16.4, 33.3, 11.2, 25.1, 16.5, 10.7, 21.5, 27.7, 21.5, 10.2, 22.5, 4.8, 12.5, 23.3, 5.8, 18.7, 11.1, 25.0, 15.1, 22.4, 19.2, 14.1, 8.4, 17.2, 7.9, 18.6, 24.6, 10.4, 9.9, 12.6, 29.5, 19.9, 18.6, 20.1, 10.6, 28.4, 8.8, 26.2, 15.4, 14.1, 7.2, 13.5, 18.6, 9.5]
P_k = [2459, 1071, 1486, 2900, 4103, 4807, 1827, 2154, 2825, 2533, 890, 4128, 1143, 2801, 1743, 2490, 1839, 4666]
P_req = [6113, 2699, 3426, 4922, 3679, 2125, 2043, 5444, 825, 3344, 4175, 1807, 4483, 4188, 4016, 2030, 5547, 1149, 2436, 3353, 1718, 2440, 2930, 5127, 2281, 3573, 5413, 3304, 1235, 2628, 1834, 4476, 3853, 2048, 2302, 1710, 4035, 5627, 5481, 3280, 1417, 5325, 1751, 3609, 4050, 3578, 2043, 3195, 5854, 1455]
c_k = [52.4, 29.2, 37.8, 85.5, 123.2, 124.6, 44.2, 54.1, 87.6, 65.5, 41.4, 109.4, 33.9, 63.8, 48.7, 55.3, 58.6, 120.3]
Delta_early = [1, 2, 2, 2, 3, 2, 2, 3, 3, 2, 2, 2, 1, 1, 2, 3, 1, 1, 2, 1, 2, 3, 2, 1, 1, 1, 1, 3, 1, 2, 3, 1, 1, 3, 2, 2, 1, 1, 1, 2, 3, 2, 3, 1, 2, 1, 3, 1, 2, 3]
Delta_late = [2, 1, 2, 1, 1, 1, 1, 3, 1, 1, 3, 2, 1, 2, 3, 1, 1, 2, 1, 2, 1, 1, 1, 1, 1, 3, 2, 1, 2, 2, 3, 1, 2, 2, 2, 1, 1, 3, 2, 2, 3, 2, 1, 3, 2, 1, 3, 3, 1, 2]
